366
34
539
391
82
543
591
311
506
277
22
717
61
626
232
361
47
709
672
288
446
718
38
357
525
68
319
429
375
18
78
345
724
504
577
608
306
162
245
17
338
266
21
544
471
523
633
654
280
721
670
239
553
535
1
143
304
492
711
352
297
594
0
572
647
413
632
465
479
460
689
585
50
282
187
590
750
12
318
554
298
120
467
217
218
98
337
669
547
347
507
303
410
637
32
196
487
417
346
427
220
270
739
508
105
67
435
108
738
137
88
200
182
699
500
94
295
64
274
84
91
656
179
575
644
562
190
360
408
226
33
289
746
595
552
424
77
453
299
28
663
748
255
310
697
224
723
369
526
636
713
53
195
208
624
482
741
703
100
70
706
692
268
3
201
2
86
509
154
747
150
209
657
540
272
673
308
387
259
377
142
422
231
69
248
478
339
30
531
262
281
205
273
161
206
40
87
666
116
404
449
41
497
160
581
336
355
450
512
653
684
690
615
140
367
678
329
518
55
204
659
121
285
166
445
398
710
72
628
568
385
134
459
341
119
351
198
8
276
516
698
95
704
132
638
576
681
340
431
123
643
174
392
580
135
165
189
625
382
102
488
73
619
386
60
448
600
59
438
256
463
696
415
213
524
133
749
107
472
676
589
442
727
469
290
537
11
667
223
31
176
106
146
81
326
153
250
43
716
10
15
227
502
651
334
517
178
677
480
24
39
169
735
728
648
639
490
353
185
216
57
241
192
661
333
271
131
527
136
548
379
151
634
457
158
461
71
242
235
104
219
372
358
260
350
380
436
300
671
437
58
563
122
645
170
596
660
261
454
368
92
611
230
419
597
515
705
519
468
175
66
729
680
302
734
36
447
13
452
602
614
344
646
90
567
664
599
530
286
363
566
559
44
322
493
117
722
550
395
244
730
167
373
561
700
444
598
305
569
491
257
742
505
603
364
513
275
65
370
215
62
74
80
642
371
159
35
42
470
458
679
168
426
237
533
240
578
613
309
328
462
331
211
412
284
184
551
397
4
307
538
253
418
477
688
617
715
498
532
76
456
197
425
210
37
97
315
191
317
56
114
19
605
163
668
650
745
236
740
393
560
172
23
51
83
103
695
249
555
294
725
691
388
365
186
130
394
675
630
29
149
731
234
665
545
342
85
110
177
349
359
466
682
546
494
148
464
726
207
269
607
181
188
649
14
332
564
396
203
528
430
536
587
529
640
221
416
291
199
629
16
5
202
441
503
475
27
144
296
434
403
693
520
557
501
674
496
157
258
485
402
549
399
574
147
484
400
9
592
75
483
409
476
405
534
118
252
662
541
686
278
432
63
324
582
384
52
267
439
719
423
156
744
376
641
658
707
292
323
443
618
264
128
238
616
655
635
601
573
702
354
593
126
139
570
127
733
514
474
48
141
712
129
622
265
183
428
327
180
558
486
374
420
495
164
362
708
565
313
109
25
737
115
173
89
314
455
621
247
378
320
510
263
499
222
335
620
79
155
401
489
579
243
246
111
743
254
125
627
6
279
194
26
145
652
694
714
606
124
583
584
407
93
251
542
301
732
193
20
225
521
293
325
556
414
138
623
321
451
604
212
421
522
433
685
171
440
233
228
356
720
49
389
736
214
330
312
610
229
609
152
54
588
701
571
511
411
96
381
631
473
45
287
687
283
101
348
383
112
343
390
481
99
316
683
586
113
612
46
406
