409
119
294
50
460
31
81
419
82
237
291
392
170
358
268
264
470
193
253
436
351
357
12
363
433
318
312
474
214
272
60
72
244
308
39
421
446
111
124
400
497
406
322
137
178
104
32
224
125
315
105
482
69
229
290
230
336
360
478
242
442
96
183
441
380
148
464
342
167
317
36
426
316
168
488
112
452
299
144
301
15
175
286
155
415
151
398
182
48
289
80
197
184
234
217
494
25
347
281
483
287
499
126
437
279
7
388
267
109
463
324
414
210
410
222
389
310
147
298
172
386
378
204
142
434
46
207
9
422
261
252
481
362
245
276
11
189
240
418
477
150
162
340
332
480
431
116
262
384
200
115
455
337
469
297
468
435
135
486
417
467
330
63
280
218
99
187
472
106
5
246
166
485
19
146
438
102
24
327
87
169
353
38
405
377
379
131
23
194
128
453
121
448
484
320
70
258
141
233
394
413
123
0
130
195
402
396
331
256
270
13
77
479
56
424
220
42
83
154
326
17
61
390
274
27
108
496
206
412
283
68
10
221
219
247
498
356
285
304
348
64
71
449
21
445
236
40
58
352
292
370
393
235
186
428
88
420
444
208
199
416
78
305
476
311
335
92
225
227
29
462
473
35
278
139
430
89
466
20
158
350
345
338
3
365
375
284
231
403
456
329
251
269
475
223
376
103
122
110
84
295
493
113
91
296
321
314
95
346
355
53
149
185
136
97
190
250
209
491
265
248
303
500
179
134
66
176
489
275
57
212
333
100
216
107
226
211
73
6
404
28
180
372
454
163
313
339
132
54
423
138
164
439
34
93
490
26
101
263
52
288
191
373
397
85
349
165
306
98
368
367
157
257
465
140
387
432
201
364
450
65
385
75
461
259
120
133
41
341
369
300
51
443
203
334
382
117
309
471
328
1
76
239
213
2
361
411
440
427
457
45
67
44
192
161
459
30
171
495
86
94
14
79
343
127
118
232
202
277
33
74
153
215
249
407
55
16
255
49
205
429
273
238
152
374
282
228
319
492
4
399
401
359
143
160
37
188
451
18
266
8
323
325
114
129
62
381
22
177
159
408
458
47
307
271
487
59
354
260
391
371
181
344
425
198
395
90
241
383
243
145
43
196
254
173
174
366
302
293
156
