236
349
919
651
644
86
470
882
260
946
321
217
745
865
709
407
757
929
659
808
988
572
698
76
904
216
417
986
760
878
540
648
800
671
218
714
37
925
515
870
303
328
364
183
245
590
457
902
559
769
490
21
299
983
810
681
222
411
242
881
843
54
288
342
545
883
331
617
455
861
145
897
733
209
400
472
541
583
973
501
428
480
446
721
518
749
188
488
404
688
96
386
435
5
432
828
198
634
484
991
16
941
68
886
627
92
612
773
338
834
687
844
909
250
571
806
884
762
305
281
44
997
803
537
215
391
996
466
529
930
101
940
872
677
97
399
633
266
663
685
778
15
965
509
371
948
139
949
290
75
481
347
708
725
230
284
233
801
783
374
753
821
618
206
962
689
274
58
913
249
823
385
780
309
201
366
278
939
772
841
205
989
813
656
9
532
211
785
608
604
439
55
231
398
154
646
534
190
173
667
747
885
479
406
895
526
47
662
552
739
928
530
361
323
38
324
660
576
462
327
72
560
0
629
440
787
49
146
653
833
186
474
737
959
53
4
888
620
796
812
367
892
746
511
853
824
701
334
18
280
755
768
546
923
165
744
982
412
776
256
791
993
363
291
306
712
862
927
846
736
593
390
60
450
623
750
409
500
468
98
304
362
148
410
95
91
63
536
809
227
680
46
149
20
431
589
29
352
272
880
728
225
459
851
999
312
32
135
297
203
473
194
341
650
25
761
23
675
669
365
421
287
311
944
105
268
232
990
126
665
425
61
625
816
426
277
691
992
792
85
961
580
382
826
609
640
438
591
140
292
229
652
376
666
82
471
329
348
600
505
692
585
120
24
442
326
724
938
263
782
441
907
631
64
607
756
731
478
502
784
967
767
863
524
954
814
847
494
715
889
877
586
820
645
495
866
147
581
696
957
740
690
122
207
610
71
427
770
99
110
829
860
243
451
166
144
464
679
920
544
556
575
592
192
876
51
383
300
599
193
574
995
325
905
835
752
561
788
195
318
393
632
723
584
223
879
730
525
611
377
437
289
718
430
705
635
668
33
743
528
113
971
31
963
294
968
241
711
779
104
449
798
317
649
84
550
181
162
358
799
436
557
804
237
945
109
353
802
818
699
934
117
1000
531
308
852
894
163
346
727
566
868
174
129
932
697
43
981
819
738
388
605
543
62
615
210
977
469
176
732
508
265
832
463
339
936
845
547
169
741
143
519
152
859
351
676
240
415
57
914
915
896
298
674
356
555
59
27
797
510
127
467
694
523
849
83
73
777
295
964
994
161
603
950
12
423
499
707
700
974
838
553
955
261
138
858
630
368
448
66
255
491
273
320
931
167
344
706
842
164
39
596
626
695
458
275
11
52
132
489
683
89
657
926
340
497
67
601
514
786
966
720
898
638
542
827
276
257
253
661
910
795
405
392
533
36
516
337
416
943
825
594
301
108
14
219
19
616
774
313
360
911
283
512
80
855
319
187
562
94
454
836
200
549
517
136
262
461
315
483
486
235
248
434
269
115
336
763
637
175
658
270
155
401
678
333
234
252
726
507
182
672
419
13
538
10
840
403
979
578
125
641
103
302
379
722
259
766
636
970
370
191
375
554
180
50
693
42
226
476
123
177
719
74
790
837
864
951
70
316
335
935
106
107
602
332
121
754
482
857
475
942
655
445
433
251
184
17
624
734
551
713
159
513
686
822
130
642
487
279
429
119
682
128
710
890
520
244
228
639
817
202
178
563
579
378
153
485
781
79
2
933
614
856
389
330
748
906
854
869
588
396
264
771
465
387
157
735
8
78
397
703
408
729
48
595
414
716
670
384
350
684
56
527
975
567
34
908
622
775
875
613
952
867
372
922
267
3
394
998
807
587
921
87
759
208
355
815
953
7
238
220
794
916
197
758
493
213
204
422
987
570
960
296
503
539
628
212
874
443
116
40
452
598
984
41
742
133
811
172
185
577
357
597
535
447
246
582
947
158
976
805
903
498
893
673
924
985
22
88
1
224
131
831
664
286
285
569
830
789
380
839
45
765
199
90
142
239
402
972
137
958
506
93
522
937
704
565
647
521
548
980
69
26
381
314
424
35
477
606
568
254
30
111
102
444
564
170
420
343
160
978
100
271
917
643
751
395
918
345
247
359
322
168
764
114
900
891
282
354
956
453
901
899
150
793
456
871
504
6
619
171
717
850
124
460
134
258
310
179
307
558
28
621
496
81
293
418
413
151
969
65
654
373
573
77
189
221
369
873
112
887
196
702
118
214
912
492
848
156
